50 | 616 наносекунд | 0.08107669855683478
100 | 1575 наносекунд | 0.06347191367819739
150 | 3746 наносекунд | 0.04003843689942344
200 | 4077 наносекунд | 0.049046054244935994
250 | 3539 наносекунд | 0.0706334406961632
300 | 6895 наносекунд | 0.04350474201687984
350 | 8112 наносекунд | 0.04314170200177497
400 | 6521 наносекунд | 0.061337463389201534
450 | 2401 наносекунд | 0.18739849248323825
500 | 2606 наносекунд | 0.1918354818907305
550 | 3905 наносекунд | 0.1408342508898164
600 | 4335 наносекунд | 0.1384083044982699
650 | 4631 наносекунд | 0.14035845389764628
700 | 4897 наносекунд | 0.14292131160929397
750 | 5180 наносекунд | 0.144784849713326
800 | 5505 наносекунд | 0.14529867959824916
850 | 5767 наносекунд | 0.14737754659731253
900 | 6052 наносекунд | 0.14870871267824393
950 | 6372 наносекунд | 0.14907105197087622
1000 | 6661 наносекунд | 0.1501253546711504
1050 | 8967 наносекунд | 0.11708426721975043
1100 | 9425 наносекунд | 0.11670344593447632
1150 | 13893 наносекунд | 0.08277490264951667
1200 | 10112 наносекунд | 0.1186603249315231
1250 | 10249 наносекунд | 0.12195478892065134
1300 | 11035 наносекунд | 0.11780697779791571
1350 | 11056 наносекунд | 0.12210343517664296
1400 | 11815 наносекунд | 0.11849243764335468
1450 | 11995 наносекунд | 0.1208837015423093
1500 | 13521 наносекунд | 0.11093771956423663
1550 | 20718 наносекунд | 0.07481272685149432
1600 | 14999 наносекунд | 0.10667235585897915
1650 | 16883 наносекунд | 0.0977262362368884
1700 | 15774 наносекунд | 0.10776886747598972
1750 | 16500 наносекунд | 0.10605546397750411
1800 | 16941 наносекунд | 0.10624734381640458
1850 | 16188 наносекунд | 0.114278654600488
1900 | 19982 наносекунд | 0.09508129450680333
1950 | 16518 наносекунд | 0.11805231836591376
2000 | 16389 наносекунд | 0.12203232636325363
2050 | 20733 наносекунд | 0.09887189578419882
2100 | 21469 наносекунд | 0.09781181007741106
2150 | 22551 наносекунд | 0.09533818449490718
2200 | 30061 наносекунд | 0.07318355099895546
2250 | 25959 наносекунд | 0.08667380602016997
2300 | 26563 наносекунд | 0.08658562753874707
2350 | 24750 наносекунд | 0.09494642597410993
2400 | 28124 наносекунд | 0.08533363674181953
2450 | 24332 наносекунд | 0.10069003497437541
2500 | 25520 наносекунд | 0.09796046315706981
2550 | 28792 наносекунд | 0.08856503799613788
2600 | 33999 наносекунд | 0.0764712629817322
2650 | 28233 наносекунд | 0.09385979825456194
2700 | 27817 наносекунд | 0.09706259818600789
2750 | 28416 наносекунд | 0.09677510170183415
2800 | 31670 наносекунд | 0.08841007117010728
2850 | 28013 наносекунд | 0.1017377522025331
2900 | 31303 наносекунд | 0.09264287767945564
2950 | 35176 наносекунд | 0.0838618525225361
3000 | 35806 наносекунд | 0.08378484052952019
3050 | 31370 наносекунд | 0.09722633973114528
3100 | 30330 наносекунд | 0.10220869697099581
3150 | 33335 наносекунд | 0.0944930075174437
3200 | 32148 наносекунд | 0.09953870033563206
3250 | 34945 наносекунд | 0.09300142792961652
3300 | 39772 наносекунд | 0.08297148546616147
3350 | 34235 наносекунд | 0.09785307433912663
3400 | 33702 наносекунд | 0.10088182584236324
3450 | 36360 наносекунд | 0.09488292272404746
3500 | 35161 наносекунд | 0.09953955844251876
3550 | 35481 наносекунд | 0.10005213984752617
3600 | 43082 наносекунд | 0.0835604165022538
3650 | 36934 наносекунд | 0.09882439581742666
3700 | 36978 наносекунд | 0.10005705956640139
3750 | 38466 наносекунд | 0.09748742412228822
3800 | 37268 наносекунд | 0.10196196282144851
3850 | 40553 наносекунд | 0.09493538229368816
3900 | 44136 наносекунд | 0.08836304068551594
3950 | 39374 наносекунд | 0.10032000812719054
4000 | 39109 наносекунд | 0.10227720190031041
4050 | 40824 наносекунд | 0.09920416216573709
4100 | 50595 наносекунд | 0.08103423399919757
4150 | 57293 наносекунд | 0.07243354004527532
4200 | 49916 наносекунд | 0.08414034609729028
4250 | 50370 наносекунд | 0.0843741128310195
4300 | 50921 наносекунд | 0.08444353673097468
4350 | 56595 наносекунд | 0.07686177778641613
4400 | 51745 наносекунд | 0.0850318772912709
4450 | 51725 наносекунд | 0.08603073520513013
4500 | 56445 наносекунд | 0.07972277732896807
4550 | 59222 наносекунд | 0.07682877820291578
4600 | 56457 наносекунд | 0.08147793896239616
4650 | 53862 наносекунд | 0.08633029413566667
4700 | 57226 наносекунд | 0.08212935198193853
4750 | 57861 наносекунд | 0.0820922993966648
4800 | 56825 наносекунд | 0.08446897173105081
4850 | 56087 наносекунд | 0.08647187613661488
4900 | 60490 наносекунд | 0.08100512481401885
4950 | 60481 наносекунд | 0.0818436142140037
5000 | 57764 наносекунд | 0.08655790377530953
5050 | 59578 наносекунд | 0.08476254737471088
5100 | 61116 наносекунд | 0.08344759654559675
5150 | 61977 наносекунд | 0.0830945373812474
5200 | 59706 наносекунд | 0.08709298683723495
5250 | 60842 наносекунд | 0.08628808386215601
5300 | 66573 наносекунд | 0.07961161548490985
5350 | 64931 наносекунд | 0.08239426967105434
5400 | 62509 наносекунд | 0.08638700739408793
5450 | 63398 наносекунд | 0.08596377218496248
5500 | 68546 наносекунд | 0.08023797123395789
5550 | 64956 наносекунд | 0.08544245335303897
5600 | 65066 наносекунд | 0.0860656619525225
5650 | 65571 наносекунд | 0.08616600911072103
5700 | 70038 наносекунд | 0.08138439133042064
5750 | 68225 наносекунд | 0.0842790913101661
5800 | 67187 наносекунд | 0.08632609533675363
5850 | 68160 наносекунд | 0.08582670927192543
5900 | 72304 наносекунд | 0.08159934720522236
5950 | 68202 наносекунд | 0.0872403317185319
6000 | 71946 наносекунд | 0.08339588024351598
6050 | 74866 наносекунд | 0.0808104014340173
6100 | 70569 наносекунд | 0.08644009913687435
6150 | 73737 наносекунд | 0.08340441921366586
6200 | 74237 наносекунд | 0.08351574339114329
6250 | 72191 наносекунд | 0.08657504948629828
6300 | 73466 наносекунд | 0.08575360403341395
6350 | 76581 наносекунд | 0.0829185230839945
6400 | 74344 наносекунд | 0.08608618572287512
6450 | 77573 наносекунд | 0.0831468437715924
6500 | 78204 наносекунд | 0.08311563430655348
6550 | 74532 наносекунд | 0.08788065404673641
6600 | 79468 наносекунд | 0.08305198425032372
6650 | 79506 наносекунд | 0.08364138097579933
6700 | 75875 наносекунд | 0.08830243187533278
6750 | 80764 наносекунд | 0.08357601331273029
6800 | 82203 наносекунд | 0.08272133736072708
6850 | 81284 наносекунд | 0.08427242753801485
6900 | 82658 наносекунд | 0.08347639251325642
6950 | 81321 наносекунд | 0.08546335896824206
7000 | 81021 наносекунд | 0.08639735377247874
7050 | 84640 наносекунд | 0.08329306517298377
7100 | 81437 наносекунд | 0.08718342287029932
7150 | 83380 наносекунд | 0.0857513618275714
7200 | 85574 наносекунд | 0.08413731209333632
7250 | 85194 наносекунд | 0.08509929033060781
7300 | 82440 наносекунд | 0.08854892570745133
7350 | 88983 наносекунд | 0.08259976872064759
7400 | 86730 наносекунд | 0.08532167424184775
7450 | 85963 наносекунд | 0.086665193164501
7500 | 89462 наносекунд | 0.08383447720820013
7550 | 87252 наносекунд | 0.08653086859800509
7600 | 86681 наносекунд | 0.08767720023626699
7650 | 91262 наносекунд | 0.08382431737968471
7700 | 88439 наносекунд | 0.0870656610771266
7750 | 88813 наносекунд | 0.08726141041462118
7800 | 93451 наносекунд | 0.08346611222339813
7850 | 89660 наносекунд | 0.0875522943720047
7900 | 94040 наносекунд | 0.08400626963247788
7950 | 99471 наносекунд | 0.07992222913652829
8000 | 90871 наносекунд | 0.08803601553395493
8050 | 93860 наносекунд | 0.08576521213838777
8100 | 97713 наносекунд | 0.08289548823395769
8150 | 93456 наносекунд | 0.08720653396293242
8200 | 110086 наносекунд | 0.07448688077103004
8250 | 113217 наносекунд | 0.07286833619065536
8300 | 112878 наносекунд | 0.0735305191520425
8350 | 112491 наносекунд | 0.07422796251799028
8400 | 114820 наносекунд | 0.07315754040865455
8450 | 114654 наносекунд | 0.07369955178461939
8500 | 114922 наносекунд | 0.07396308111052521
8550 | 115713 наносекунд | 0.07388958217385744
8600 | 115290 наносекунд | 0.07459391851395036
8650 | 117981 наносекунд | 0.07331657929421138
8700 | 119822 наносекунд | 0.07260758023137616
8750 | 117087 наносекунд | 0.07473018134239319
8800 | 118206 наносекунд | 0.0744463056020845
8850 | 123592 наносекунд | 0.07160646060188265
8900 | 120538 наносекунд | 0.07383514685727749
8950 | 120813 наносекунд | 0.07408112503983412
9000 | 122589 наносекунд | 0.07341580919720628
9050 | 122184 наносекунд | 0.07406837534087822
9100 | 179445 наносекунд | 0.05071186077978124
9150 | 125685 наносекунд | 0.07280081855171722
9200 | 136273 наносекунд | 0.06751153933647898
9250 | 123732 наносекунд | 0.07475804659244742
9300 | 128527 наносекунд | 0.07235828086061227
9350 | 126049 наносекунд | 0.07417714931265153
9400 | 142635 наносекунд | 0.06590220113351787
9450 | 128874 наносекунд | 0.07332715160873562
9500 | 128720 наносекунд | 0.07380326070574562
9550 | 127075 наносекунд | 0.07515223245411778
9600 | 131911 наносекунд | 0.07277623128286302
9650 | 129125 наносекунд | 0.07473366933797584
9700 | 131537 наносекунд | 0.07374317305470071
9750 | 130495 наносекунд | 0.07471510555520221
9800 | 133186 наносекунд | 0.07358114160390371
9850 | 130830 наносекунд | 0.07528825465010071
9900 | 134734 наносекунд | 0.07347794882223754
9950 | 131758 наносекунд | 0.07551683494144978